153

1111111111, 0111 11111111 gaudium 555 1555105101515,
qui. poenitentiam 535115, magis ,111111 111 ,111111 qui 11011
55550515115? Quia gaudium 1111 111111 ,1111 111111111111.
Quoniam 5150511551515 111 111 qui ,1111111111 gaudium
1111, quando agunt ,11111111111111 1111111111, 111,
111111111111111111111111111111111111111,
11111111, 1111111 11111111111111111111, 111
111111 1111111111,1111111111111111111111111 1111111111111,1,11ο-
modo 11111611 111111 11111111111111 11 0111111111 18111
quod ,1111111111111111111111111111111111111111111 111-
1111 11111111,11111111111111111111111.8111111111 ange-
111 1111111 ,1111111 1111111111111, ,1111111 magis 1105 155505
11111111 ,1111111111 1,]111111Η11,1111111111 111 1111111111οά
5105: 1 Doleo 1111111 1111111111111 55.

5111111111 111 parabola (1111111111 5115 1111 11111111,
11111,1111111,111111 1111111,1111111111111 555
(11115 ,11 11111111).111111,111111111,111,11111,1111111 111,
,1111111 1ο ,11111111 11111111 1111111111 5110 1111 11111111-
111111, gaudium 11111111111111.

Alia ,1111111111 parabola 111 villico (11111. 16,
1-9),1,111111111111,11111 Dominum 555115555115. Mirum,
quod 1115'11555 prudentia 1111111 ,1111111111 laudata 111
11111)11111111111111111111111111111111,1111111111111-
,1111111111111111111111111111111111,11,111111111111111-
1111111, 1111111111 1111111111 1111111111 1111 111 , ‹511555 ,111 111 quod
11111111 1111111111, 1111111111 11111 acquisivit aliquid, quod
5555555 111111111111111,1, 1, 1111111111 1111111111. 11111-
1111111111,11111111111 aequisivit 1111,11111,1,111)11 11111111 111111

1111111,11111111111111111111,111111111111111111,οῆ-
111 11111111 1,,,11 11111 11111111111,1,111111111 11111111 1111111,
111 ,111111111111111 111,1,1111111ο1111111111

11111111, 11111111 ,11111 11111111111111,
1111111111 1111 111 Usque 11111,11111,11111111
1111 Ι)11111 11U51555 1111111111 septies

Iudaeum, 5 ,11111111 11111111, 11111111 1111 111111, 1111111111111,1’11
3111111111, ,1111111111 logis 1111111111(1111111111111.

1, (1111. 6, 5.

2, 11111111111111 11111 significet, ignoro.

 

