111

1111111111 haee 11111111111111111111111111111 111 exposuit,
11111111(111(11111(111111111111111,(1111111111111,11 11111111
1111111111111 1311111111111111111,111,1111111
,11111111111131111111111111111111111111111111111-
11111111,111 11111 (1111111111, 1111 (11(111 duodecim Aposto-
1111 Dedit 1,]11 111 11111 dedit t? 31 11011 (11(1111111111111111
11111111111111111,11111111111111111111111111111111111111111111
(11111111111111(111111111111111111,(1111(1111113111-
1111111111111Ρ11111111111, urea 1111111 1 et: 1 Quae ege
1111111),Ρ111111 11111 11111111. Sed (11111 111111111111111, 111
1111111111 prae collegis 11111 1111111111, dixit 111111
Dominus: Potestis tibe1e 11111111, quem
ege bibiturus 111111111111111111111,1111111 11111111
pretio comparandum 1111,11111(111111111 z 1 Propterea
et Deus 1111111111 1111111111 11111115. Postquam 1111
(11(1111111111,1111111 leeuur 1111111111 emendum 1111, 111
(111111 111111111311111((11(111111111,(1111(11111111111 1111
loeus 1111111111111,11111111111111111111,11(1111(11111’11111
uiant 1111, qui 111111111111111 (111111 11’1,111111111111111 aut
11111111111111111111111 11111111111111111111111111111111111 11111-
111 1111, 111 11111111 Ρ111111(1111,11111111111,111111111 1111
111111 paratus 1111111111 (11111 per 111111111111111
111111111111111111111111111111111111111111111111111111111 111
1111111111 1111111111 potestatem 11011 1111111111 111
1111111111111, 111 11111(1; 11111111 11111111 neme 1111 u ⁶.
11111111111111111111(111111111111111111111111111111111-
1117.1)11111111 igitr 11111111 1111111111 Ζ1111(1111(111111
111111111111 11111111 (11111111111111111 11111111, (1111 1111 1111·
11111111 1111111111 geste eereuaretur. 1 Et 111111111111111,
111, cogitationes 1111111111 et erit 11111 uuicuique 111
strum 311130 113.

1.,11111 3, 17.

2. 1311111111] signifieat: 31111111 1111111111 111111111,11111111
111..1111111.111111 11 13111111111111 1111111113111111111312

3. 1 11111111111111111111,(1111(11111111111.

1. 111111. 111, 151 11 11, 1οι

5. Ρ1111.2,3

d uun 2'4, 36. =

aeae 11111111, 1111111111 111 Β11111111ιηιιιιιιιιιμρ

3 13111. 1, 5.

 

