555

155511111151 51115115 5151 15551115111115 51115 5511151511 511111
515515115111111,(51111515111111555555555111151151115,151115 551)
1151111111 111115 551 115115111111511 111 5ο 51111115 111511115 55555115
11511 enim 155115 551111 55 labori, 1155 51515 5511115111115111.
Ab Abraham 5555151551 1115515115115111151 55111 1551151
15555 111555 55155111. Servus q110q115 15551191151111111
55115511111511511511111515115 5515111151111115511115151151111111511
(115155155111111551,51110111151115 115 55 5151115151 5q,11i'0
5555551515511155111111115511511555115151 11151115,
55115511 11151111 11115 1115115 115115 1551111151111555111155115.
1155155155115 5151111155. 1515 551, qui 5151555555 5515
111151511551115111111111 51 51155115 5110 51111115 fuir surdo 51
1111115, 51115515 5110 51551111515 5115 511 5155155 11111115-
11115115 5155551515511

1111111115 511 1111111111551515115511 511111
1511555 0551511115 55151115111111115 51105 551i005 115115-
151111, 151551515155 51115111 51155 1515515111, 111-1111111151
5551111515 55115, 511151 misericordiam 5j115 discerent. 5015
5111 51515 55115 egrediens manifeste 511115151151115 55115111-
115111 ,5115115 5111515111 11111551 111 55 0011111151151155 ,155115
51151111115155551511555115151151111111155551515151118511-
51115 5551551 11 5115 15511115 5551511155, 515115 1115515115 5115115
5511155115115 551i5015111 5j115 51511151. 11111155 1551111111551,

5155115111(11111511111151551111511 5111 11111515. 11115111 11111 1111
5155151115 55115 5115511511,1511111111 1115551111111 55 51155511-
11111151515115111111. Divitiae ’1155155155 111 5111511115 1115111-
1111555115 1111111555 515111, 511 151155 15111111 555155155 5555-

11515111, 11155 effluebant, 51 51111555 1111515111, 5155111551-
155 51115111 515155515111111. Cucurri ad 51111115 membra
1115, Domine, 51511 omnibus omnia 115115 5555511 51 per
15155151111115115555511515111111 in 5151511155111 511511111-

1. Ad verbum: 50111115 tristitia 111115 551151. 5. superatur,
555555·

2. 5115551.’.15111111115511151511511511.

3. Ι151115511.Β In 0054 1511111111,55151111511155
Η1111515511111 115111111151155.

551511115151115511.51511ο;11)51111511111155151115
51155 51 iterum 1151151511111

5. Ad verbum: 1115115111 5115555511111111, 55111551 dieentes:
11511151 sanguis 5j115 51151511155.1111111.21,25.

 

