155
111111111111111111111111 1111111111 11111, 1111 1111111111 555
1111111111 11 1111111111; 111111 111 11111111 111111, 1111111
Elias 111111 11 1111 Moyses sepultus 551, 11 111111 11-
11111111 ejus 1111111, 11 111111111111111111111 111111111111
11111111. 111111111111 11111111ῑ 1 11111111, donee 1111-
‘ pistis 1111111111 ¹ 1, quie 111111, quando eis 1111 111111111-
1111 11111 11111111 ,111 111 11111 11111111111111111 111 glo-
11111111111111111111 1111 1111111111111 111 11111111; 11111111,
111,11111,1 1111111 sepulcra aperient 11111 J11511 11111 11
1111111 foederis 553151115111111· 11 venient in Ierusalem,
1111111111 regis 11111111,111111111111111111,111111]11
1111 111 1111111 111111111611111 11111111 1111111115.
1111111111111111111111111111111111111111111111111111,111.
11115 11111111 11111111111111.Ε111 11111111 1111 1111111111
1111111111,111111111111111 Elias vivens? Exitu ergo J'11-
11111111 111 seFJJJloro 11111111 11,1]1111111111 5155 55 11111111
11111111111113111.1111111111111111111111111111111111
1111111 1111111 1111111111 1 1111 111111 1111111111.
Ne 1111111111, 1111111111 1111111111 (1111111111 11111

111 11111111 111111111111,1111 1111111111111 1111111111111,
1111111111 Ε11111111111 1111111111111 5555. Moyses 11-
1111111111111111111111111 1111111111111, 11 11ege1 1111 11111111
111111111111,1111111 115111111 551: 1111111111111 11111 meeum
11111111111111111111111111111111111111111111,11111
1111111 1111111 11 11111111111111111111111 11 (J11i 11 11111115115 1111111-
1111111 11111111111111111111111111111111 11111111 invicem
111111111111111111111ε11 11111111111111 legis Moysi, 551·n

1. 11111 11,1,1
’ 2.(11-1111111.5,”.35

3 811111111111111111111111111111111 11111111111111111111
1111111111111111111111111111111111111111111111111,1]11111
11111111111(11111111111111111111111 1111111111. Quae 11111111
111 1111111111 111111111111·1111111111ΑῙ111111111ι 1111111111, 111111
(1111111111 11111111111111111 11111111111111111111111111111111111111.
515 1111111 probabilius 11111111111111·,111 11111 111111,11111111111111111111
1111111111, 1.11 1,111111111111111111, quem ob 1111111111111111111
11111111Α11111111111111111111111111111,111111111,1111111111111111
(1111111111 1111111. 1111111111 1111 11111111 1111111111 11,1111 5115 seriptum
5555 1 (1111111111.

1. Unde 11111111111111111 1111 11111,1111111.

 

